7.12378     2.28948     1.6812e+21     
-8.13957     0.461964     4.92486e+21     
-5.31737     6.83192     5.32476e+21     
1.98645     7.41484     6.89359e+21     
-4.10192     6.41628     3.63997e+21     
-7.97306     7.73249     9.72772e+21     
6.20683     5.40303     4.6617e+21     
-3.10367     2.70202     8.88586e+21     
8.20813     0.533371     6.5913e+21     
0.764525     4.99707     4.89093e+21     
-8.04814     8.62365     4.66822e+21     
-4.52796     5.70849     4.38585e+21     
-3.93247     6.0274     8.24131e+21     
-0.943617     5.53401     6.66799e+21     
-7.81593     9.25585     3.64506e+21     
-0.370309     0.46421     6.80747e+21     
-0.473845     6.01178     4.11589e+21     
-5.4463     4.6032     2.78983e+21     
-8.36669     4.44894     8.12518e+21     
8.69799     1.26089     9.80523e+21     
-7.99914     8.61217     4.27913e+20     
8.13573     2.42224     6.61204e+20     
-7.64982     0.502235     2.36512e+21     
-2.34947     5.81523     4.78398e+21     
-9.21827     3.29181     6.32737e+21     
5.66284     4.70182     1.33029e+21     
-2.59924     0.828967     8.40124e+21     
-2.92255     9.26341     5.11154e+21     
8.78987     2.25326     4.54441e+21     
5.52672     2.88349     2.74219e+21     
8.70073     8.55616     6.05198e+21     
-9.37033     4.86158     3.37736e+21     
1.01354     4.5825     4.23876e+21     
2.32998     3.86628     6.55649e+20     
-1.571     5.13374     5.72492e+21     
9.43961     3.2851     3.52665e+21     
-5.44867     1.04261     7.85065e+21     
-9.53212     5.24218     5.80102e+21     
-2.586     4.39654     3.49728e+20     
3.02958     0.634224     7.08603e+21     
