7.7078     0.16219     2.07761e+21     
8.23573     2.28648     2.47399e+21     
7.39639     1.38937     9.83919e+21     
4.72562     1.1661     8.39639e+21     
0.638409     2.80876     3.48828e+21     
-7.71628     4.12876     6.56008e+21     
-6.64465     4.6602     4.99381e+21     
-9.31287     6.26513     2.68514e+21     
4.79647     0.108524     4.36137e+21     
5.33252     0.917511     5.98911e+21     
5.29094     7.83627     4.99188e+21     
4.55825     9.51794     5.41393e+21     
9.77709     5.84058     9.3261e+21     
9.624     7.78297     7.73442e+21     
4.07078     0.682301     9.86731e+21     
-2.84429     7.53985     5.44868e+21     
-7.37811     5.88416     6.29238e+21     
0.00699886     4.31449     4.41321e+21     
-2.14505     2.04895     9.9894e+21     
8.22599     3.90299     2.08258e+21     
